65
9 15 5802491041437611
2 2 1081292147434158
314 512 133769420
1 1000000000000 1
10 10 4042027009034951
9334 14595 5458585253152592
4 7 6988873275022466
4930 6317 3001060110844245
1 3 100
725831654114702 4541733210835335 2742887072719959
2 3 5
1000000000000 1 1
5 9 9152845331581750
64922 110795 4504704366599950
1 1 6044898352400565
49127 75508 3693288613316216
80006 121046 2203488461171151
3 5 840843200459482
259149987802241 6689368820300403 3534721002568495
2 3 1
74116 111994 1493371909130523
7 7 6977204123379581
59617 76399 8216425361382011
48878 70096 1422160026469748
1 1 1000000000000
314 512 1024
8272 10247 5338458442301888
5 7 4495587747091262
10 13 8839845532190096
6 9 2903294259185990
6 9 497087563
5 1 100
26597 37816 4245730305851899
7861 11257 5477539912208008
4175966084693454 5040165207533386 1846283425419327
10 13 11234567890
99838 101928 3638110057611840
1000000000000 1 1000000000000
9545048558841825 6899255672076999 9272818149758853
10 13 3337041873753082
37177 52260 3627623246300954
4 4 1760792368134037
19749 37179 1140508669256069
2 2 9825445613196928
4 6 2271224666368145
2 2 5384712727499747
1 1 3771679948420674
13973 26419 3513626523439425
7 12 6439637337963783
10 17 370045965243845
6761462000443010 904477908128201 3043816924959190
60280 106158 382504020903546
19716 29416 841088842498107
3865717696012301 6136029900710052 3321279115901350
650920191250544 3690753017565881 4021727189586015
10 13 8689503031950123
4 4 4198590241362000
63664 95087 9775891537969006
4 6 7754441745231444
9 17 7379218941168776
25878 28689 9188723367817961
9 10 9259928947805118
2 3 2
1 1000000000000 1000000000000
9966606336937688 9740005473217677 583445907010364
