100
270 26
453 71
252 96
871 75
748 77
885 57
1000 3
924 39
758 85
109 76
918 38
2 4
635 54
320 75
965 51
2 98
397 40
492 12
3 10
744 91
2 50
2 99
2 2
13 37
1000 5
494 92
2 95
1000 98
289 65
452 71
1000 4
1000 1
582 60
30 46
140 74
755 11
424 35
2 96
930 46
246 78
1000 95
2 97
555 27
551 71
981 68
793 69
289 48
398 61
808 71
853 50
173 90
500 44
81 39
522 40
440 28
355 11
428 98
120 75
807 16
462 18
838 46
70 56
950 63
786 52
226 22
835 62
439 40
772 5
451 5
865 5
1000 99
744 3
363 69
779 34
2 1
373 46
2 3
387 98
906 56
950 95
432 88
537 11
728 33
492 78
712 1
177 61
5 75
659 89
958 86
254 30
1000 96
277 79
642 34
2 5
1000 2
915 30
665 37
875 93
824 54
1000 97
